214
207
201
195
188
182
176
169
163
157
151
144
138
132
125
119
113
106
100
94
87
81
75
68
62
56
49
43
37
31
24
18
12
5
0
6
13
19
25
32
38
44
51
57
63
69
76
82
88
95
101
107
114
120
126
133
139
145
152
158
164
171
177
183
189
196
202
208
215
221
227
234
240
246
246
240
234
228
221
215
208
202
196
190
183
177
171
164
158
152
145
139
133
126
120
114
108
101
95
89
82
76
70
63
57
51
44
38
32
25
19
13
6
0
5
11
18
24
30
37
43
49
56
62
68
75
81
87
93
100
106
113
119
125
131
138
144
150
157
163
169
176
182
188
195
201
207
213
220
226
232
239
245
248
241
235
229
222
216
210
203
197
191
184
178
172
166
159
153
147
140
134
128
121
115
109
102
96
90
83
77
71
64
58
52
46
39
33
27
20
14
8
1
4
10
17
23
29
36
42
48
54
61
67
73
80
86
92
99
105
111
118
124
130
137
143
149
156
162
168
174
181
187
193
200
206
212
219
225
231
238
244
249
242
236
230
223
217
211
205
198
192
186
179
173
167
160
154
148
141
135
129
123
116
110
104
97
91
85
78
72
66
59
53
47
40
34
28
21
15
9
3
3
9
15
22
28
34
41
47
53
60
66
72
78
85
91
98
104
110
116
123
129
135
142
148
154
161
167
173
180
186
192
198
205
211
217
224
230
236
243
249
244
237
231
225
218
212
206
199
193
187
181
174
168
162
155
149
143
136
130
124
117
111
105
98
92
86
79
73
67
61
54
48
42
35
29
23
16
10
4
2
8
14
20
27
33
39
46
52
58
65
71
77
84
90
96
103
109
115
122
128
134
140
147
153
159
166
172
178
185
191
197
204
210
216
223
229
235
241
248
245
239
232
226
220
213
207
201
194
188
182
175
169
163
156
150
144
138
131
125
119
112
106
100
93
87
81
74
68
62
55
49
43
36
30
24
18
11
5
0
7
13
19
26
32
38
45
51
57
63
70
76
83
89
95
101
108
114
120
127
133
139
146
152
158
165
171
177
183
190
196
202
209
215
221
228
234
240
247
246
240
233
227
221
214
208
202
196
189
183
177
170
164
158
151
145
139
132
126
120
114
107
101
95
88
82
76
69
63
57
50
44
38
31
25
19
12
6
0
5
12
18
24
31
37
43
50
56
62
69
75
81
88
94
100
107
113
119
125
132
138
144
151
157
163
170
176
182
189
195
201
208
214
220
226
233
239
245
247
241
235
228
222
216
209
203
197
190
184
178
171
165
159
153
146
140
134
127
121
115
108
102
96
89
83
77
70
64
58
52
45
39
33
26
20
14
7
1
4
11
17
23
30
36
42
48
55
61
67
74
80
86
93
99
105
112
118
124
131
137
143
150
156
162
168
175
181
187
194
200
206
213
219
225
232
238
244
248
242
236
229
223
217
211
204
198
192
185
179
173
166
160
154
147
141
135
129
122
116
110
103
97
91
84
78
72
65
59
53
46
40
34
27
21
15
9
2
3
9
16
22
28
35
41
47
54
60
66
72
79
85
92
98
104
110
117
123
129
136
142
148
155
161
167
174
180
186
192
199
205
211
218
224
230
237
243
249
243
237
231
224
218
212
205
199
193
187
180
174
168
161
155
149
142
136
130
123
117
111
104
98
92
85
79
73
67
60
54
48
41
35
29
22
16
10
3
2
8
15
21
27
33
40
46
52
59
65
71
78
84
90
97
103
109
116
122
128
135
141
147
153
160
166
172
179
185
191
198
204
210
217
223
229
235
242
248
244
238
232
226
219
213
207
200
194
188
181
175
169
162
156
150
144
137
131
125
118
112
106
99
93
87
80
74
68
61
55
49
42
36
30
24
17
11
5
1
7
13
20
26
32
39
45
51
57
64
70
77
83
89
95
102
108
114
121
127
133
140
146
152
159
165
171
177
184
190
196
203
209
215
222
228
234
241
247
246
239
233
227
220
214
208
202
195
189
183
176
170
164
157
151
145
138
132
126
119
113
107
100
94
88
82
75
69
63
56
50
44
37
31
25
18
12
6
0
6
12
18
25
31
37
44
50
56
63
69
75
82
88
94
101
107
113
119
126
132
138
145
151
157
164
170
176
183
189
195
202
208
214
220
227
233
239
246
247
241
234
228
222
215
209
203
196
190
184
177
171
165
159
152
146
140
133
127
121
114
108
102
95
89
83
76
70
64
57
51
45
39
32
26
20
13
7
1
5
11
17
24
30
36
42
49
55
62
68
74
80
87
93
99
106
112
118
125
131
137
144
150
156
162
169
175
181
188
194
200
207
213
219
226
232
238
245