243
244
233
208
178
140
106
74
53
42
44
57
78
108
136
166
188
203
208
204
193
175
155
134
118
105
99
98
103
112
121
131
138
143
144
142
138
134
131
130
133
140
148
158
167
174
176
172
163
147
128
107
89
74
66
68
78
98
124
154
183
209
225
232
227
210
184
148
113
78
51
33
29
38
59
92
128
168
201
228
243
244
233
208
178
140
106
74
53
42
44
57
78
108
136
166
188
203
208
204
193
175
155
134
118
105
99
98
103
112
121
131
138
143
144
142
138
134
131
130
133
140
148
158
167
174
176
172
163
147
128
107
89
74
66
68
78
98
124
154
183
209
225
232
227
210
184
148
113
78
51
33
29
38
59
92
128
168
201
228
243
244
233
208
178
140
106
74
53
42
44
57
78
108
136
166
188
203
208
204
193
175
155
134
118
105
99
98
103
112
121
131
138
143
144
142
138
134
131
130
133
140
148
158
167
174
176
172
163
147
128
107
89
74
66
68
78
98
124
154
183
209
225
232
227
210
184
148
113
78
51
33
29
38
59
92
128
168
201
228
243
244
233
208
178
140
106
74
53
42
44
57
78
108
136
166
188
203
208
204
193
175
155
134
118
105
99
98
103
112
121
131
138
143
144
142
138
134
131
130
133
140
148
158
167
174
176
172
163
147
128
107
89
74
66
68
78
98
124
154
183
209
225
232
227
210
184
148
113
78
51
33
29
38
59
92
128
168
201
228
243
244
233
208
178
140
106
74
53
42
44
57
78
108
136
166
188
203
208
204
193
175
155
134
118
105
99
98
103
112
121
131
138
143
144
142
138
134
131
130
133
140
148
158
167
174
176
172
163
147
128
107
89
74
66
68
78
98
124
154
183
209
225
232
227
210
184
148
113
78
51
33
29
38
59
92
128
168
201
228
243
244
233
208
178
140
106
74
53
42
44
57
78
108
136
166
188
203
208
204
193
175
155
134
118
105
99
98
103
112
121
131
138
143
144
142
138
134
131
130
133
140
148
158
167
174
176
172
163
147
128
107
89
74
66
68
78
98
124
154
183
209
225
232
227
210
184
148
113
78
51
33
29
38
59
92
128
168
201
228
243
244
233
208
178
140
106
74
53
42
44
57
78
108
136
166
188
203
208
204
193
175
155
134
118
105
99
98
103
112
121
131
138
143
144
142
138
134
131
130
133
140
148
158
167
174
176
172
163
147
128
107
89
74
66
68
78
98
124
154
183
209
225
232
227
210
184
148
113
78
51
33
29
38
59
92
128
168
201
228
243
244
233
208
178
140
106
74
53
42
44
57
78
108
136
166
188
203
208
204
193
175
155
134
118
105
99
98
103
112
121
131
138
143
144
142
138
134
131
130
133
140
148
158
167
174
176
172
163
147
128
107
89
74
66
68
78
98
124
154
183
209
225
232
227
210
184
148
113
78
51
33
29
38
59
92
128
168
201
228
243
244
233
208
178
140
106
74
53
42
44
57
78
108
136
166
188
203
208
204
193
175
155
134
118
105
99
98
103
112
121
131
138
143
144
142
138
134
131
130
133
140
148
158
167
174
176
172
163
147
128
107
89
74
66
68
78
98
124
154
183
209
225
232
227
210
184
148
113
78
51
33
29
38
59
92
128
168
201
228
243
244
233
208
178
140
106
74
53
42
44
57
78
108
136
166
188
203
208
204
193
175
155
134
118
105
99
98
103
112
121
131
138
143
144
142
138
134
131
130
133
140
148
158
167
174
176
172
163
147
128
107
89
74
66
68
78
98
124
154
183
209
225
232
227
210
184
148
113
78
51
33
29
38
59
92
128
168
201
228
243
244
233
208
178
140
106
74
53
42
44
57
78
108
136
166
188
203
208
204
193
175
155
134
118
105
99
98
103
112
121
131
138
143
144
142
138
134
131
130
133
140
148
158
167
174
176
172
163
147
128
107
89
74
66
68
78
98
124
154
183
209
225
232
227
210
184
148
113
78
51
33
29
38
59
92
128
168
201
228
243
244
233
208
178
140
106
74
53
42
44
57
78
108
136
166
188
203
208
204
193
175
155
134
118
105
99
98
103
112
121
131
138
143
144
142
138
134
131
130
133
140
148
158
167
174
176
172
163
147
128
107
89
74
66
68
78
98
124
154
183
209
225
232
227
210
184
148
113
78
51
33
29
38
59
92
128
168
201
228
243
244
233
208
178
140
106
74
53
42
44
57
78
108
136
166
188
203
208
204
193
175
155
134
118
105
99
98
103
112
121
131
138
143
144
142
138
134
131
130
133
140
148
158
167
174
176
172
163
147
128
107
89
74
66
68
78
98
124
154
183
209
225
232