204
196
187
178
169
160
150
140
130
121
111
101
91
82
72
64
55
47
40
33
26
20
15
11
7
4
2
0
0
0
0
2
4
8
11
16
21
27
34
41
48
56
65
74
83
92
102
112
122
132
142
151
161
171
180
188
197
205
212
219
225
230
235
240
243
246
248
249
250
249
247
245
242
238
234
229
223
216
209
202
194
185
176
167
158
148
138
128
118
108
99
89
80
70
62
53
45
38
31
25
19
14
10
6
4
1
0
0
0
1
3
5
8
12
17
22
28
35
42
50
58
67
76
85
95
104
114
124
134
144
154
163
173
182
190
199
206
213
220
226
232
236
240
244
246
248
249
249
248
247
244
241
237
233
227
221
215
208
200
192
183
174
165
155
146
136
126
116
106
96
87
77
68
60
51
44
36
30
23
18
13
9
6
3
1
0
0
0
1
3
6
9
13
18
24
30
37
44
52
60
69
78
87
97
107
117
127
136
146
156
166
175
184
192
200
208
215
222
228
233
237
241
244
247
249
249
249
248
246
244
240
236
231
226
220
213
206
198
190
181
172
163
153
143
133
124
114
104
94
84
75
66
58
50
42
35
28
22
17
12
8
5
2
1
0
0
0
2
4
7
10
15
20
25
31
38
46
54
62
71
80
90
99
109
119
129
139
149
158
168
177
186
194
202
210
217
223
229
234
238
242
245
247
249
250
249
248
246
243
239
235
230
224
218
211
204
196
188
179
170
161
151
141
131
121
111
101
92
82
73
64
56
48
40
33
27
21
16
11
7
4
2
0
0
0
0
2
4
7
11
16
21
27
33
40
48
56
64
73
82
92
102
111
121
131
141
151
161
170
179
188
196
204
211
218
225
230
235
239
243
246
248
249
250
249
247
245
242
238
234
229
223
217
210
202
194
186
177
168
158
149
139
129
119
109
99
90
80
71
62
54
46
38
31
25
20
15
10
7
4
2
0
0
0
1
2
5
8
12
17
22
28
35
42
50
58
66
75
85
94
104
114
124
134
143
153
163
172
181
190
198
206
213
220
226
231
236
240
244
246
248
249
249
249
247
244
241
237
233
228
222
215
208
200
192
184
175
166
156
146
136
126
117
107
97
87
78
69
60
52
44
37
30
24
18
13
9
6
3
1
0
0
0
1
3
6
9
13
18
23
30
36
44
51
60
68
77
87
96
106
116
126
136
146
156
165
174
183
192
200
208
215
221
227
233
237
241
244
247
248
249
249
248
246
244
240
236
232
226
220
213
206
198
190
182
173
163
154
144
134
124
114
104
95
85
76
67
58
50
42
35
28
22
17
12
8
5
3
1
0
0
0
1
4
6
10
14
19
25
31
38
45
53
62
70
80
89
99
109
118
128
138
148
158
167
176
185
194
202
209
216
223
229
234
238
242
245
247
249
250
249
248
246
243
240
235
230
225
219
212
204
197
188
180
171
161
151
142
132
122
112
102
92
83
74
65
56
48
41
33
27
21
16
11
8
4
2
0
0
0
0
2
4
7
11
15
20
26
33
40
47
55
64
73
82
91
101
111
121
131
140
150
160
169
178
187
196
204
211
218
224
230
235
239
243
246
248
249
250
249
247
245
242
239
234
229
223
217
210
203
195
186
177
168
159
149
139
129
119
110
100
90
81
72
63
54
46
39
32
26
20
15
10
7
4
2
0
0
0
1
2
5
8
12
16
22
28
34
41
49
57
66
75
84
93
103
113
123
133
143
153
162
171
181
189
198
205
213
219
226
231
236
240
243
246
248
249
249
249
247
245
242
238
233
228
222
216
208
201
193
184
175
166
157
147
137
127
117
107
98
88
78
69
61
52
45
37
30
24
19
14
10
6
3
1
0
0
0
1
3
5
9
13
18
23
29
36
43
51
59
68
77
86
96
106
115
125
135
145
155
164
174
183
191
199
207
214
221
227
232
237
241
244
247
248
249
249
248
247
244
241
237
232
227
221
214
207
199
191
182
173
164
154
145
135
125
115
105
95
86
76
67
59
51
43
36
29
23
17
13
9
5
3
1
0
0
0
1
3
6
10
14
19
25
31
38
45
53
61
70
79
88
98
108
118
128
138
147
157
167
176
185
193
201
209
216
222
228
233
238
242
245
247
249
250
249
248
246
243
240
236
231
225
219
212
205
197
189
180
171
162
152
142
132
122
113
103
93
83
74
65
57
49
41
34
27
21
16
12
8
5
2
1
0
0
0
2
4
7
11
15
20
26
32
39
47
55
63
72
81
91
100
110
120
130
140
150
159
169
178
187
195
203
211
218
224
229
234
239
243
245
248
249
250
249
248
245
243
239
235
230
224
218
211